1.000000000000000000e+00 9.561521318690900939e-01 -2.184008793589365394e-01 -1.716964070894135275e-01 -4.137402656961264302e-01 3.117550941379332308e-01 4.339706367394219333e-01 -2.980042768043211516e-03 1.131912899213811073e-02 3.540254633373068199e-02 -3.008156875215624998e-02
9.561521318690900939e-01 1.000000000000000000e+00 -3.157290355931864356e-01 -1.960713999901535221e-01 -4.393198308541423902e-01 3.046159017198064589e-01 4.498618849608665426e-01 1.832038623918458699e-04 6.094260355199603886e-03 1.616359931597371319e-02 1.577068411379787052e-02
-2.184008793589365394e-01 -3.157290355931864356e-01 1.000000000000000000e+00 2.109755312984452624e-01 1.904174718313223491e-01 1.008491641546146039e-01 -5.913499537142292983e-02 -1.289584691831426322e-01 -1.401754407532497804e-01 -1.581187806844479293e-01 -5.082342797367628284e-02
-1.716964070894135275e-01 -1.960713999901535221e-01 2.109755312984452624e-01 1.000000000000000000e+00 8.194624011316856693e-01 6.301961679196395050e-01 -3.566053178325010453e-01 5.820946380965953404e-01 5.725674340805418927e-01 5.453608533502085631e-01 1.452318124775781039e-01
-4.137402656961264302e-01 -4.393198308541423902e-01 1.904174718313223491e-01 8.194624011316856693e-01 1.000000000000000000e+00 1.703057437104855409e-01 -7.477301967125423721e-01 4.829305083129152854e-01 4.832786812421777656e-01 4.767472319740356235e-01 4.298707478769575596e-02
3.117550941379332308e-01 3.046159017198064589e-01 1.008491641546146039e-01 6.301961679196395050e-01 1.703057437104855409e-01 1.000000000000000000e+00 3.803880295889798813e-01 4.811029896286132534e-01 4.652498054921336834e-01 4.283861806725250965e-01 1.881832418133613793e-01
4.339706367394219333e-01 4.498618849608665426e-01 -5.913499537142292983e-02 -3.566053178325010453e-01 -7.477301967125423721e-01 3.803880295889798813e-01 1.000000000000000000e+00 -1.133478117449567835e-01 -1.268590325288120324e-01 -1.506458863470890863e-01 1.052400825910807525e-01
-2.980042768043211516e-03 1.832038623918458699e-04 -1.289584691831426322e-01 5.820946380965953404e-01 4.829305083129152854e-01 4.811029896286132534e-01 -1.133478117449567835e-01 1.000000000000000000e+00 9.894551263099728988e-01 9.593855829679256431e-01 2.144754820551175722e-01
1.131912899213811073e-02 6.094260355199603886e-03 -1.401754407532497804e-01 5.725674340805418927e-01 4.832786812421777656e-01 4.652498054921336834e-01 -1.268590325288120324e-01 9.894551263099728988e-01 1.000000000000000000e+00 9.744659910501184408e-01 1.563162586461399606e-01
3.540254633373068199e-02 1.616359931597371319e-02 -1.581187806844479293e-01 5.453608533502085631e-01 4.767472319740356235e-01 4.283861806725250965e-01 -1.506458863470890863e-01 9.593855829679256431e-01 9.744659910501184408e-01 1.000000000000000000e+00 3.704277959381971352e-02
-3.008156875215624998e-02 1.577068411379787052e-02 -5.082342797367628284e-02 1.452318124775781039e-01 4.298707478769575596e-02 1.881832418133613793e-01 1.052400825910807525e-01 2.144754820551175722e-01 1.563162586461399606e-01 3.704277959381971352e-02 1.000000000000000000e+00
